Custom1
0 0 0 0 0 0 0 0 0 0 
0 0 0 0 0 0 0 0 0 0 
0 0 0 0 0 0 0 0 0 0 
0 0 0 1 0 0 1 0 0 0 
0 0 0 0 1 1 0 0 0 0 
0 0 0 0 1 1 0 0 0 0 
0 0 0 1 0 0 1 0 0 0 
0 0 0 0 0 0 0 0 0 0 
0 0 0 0 0 0 0 0 0 0 
0 0 0 0 0 0 0 0 0 0 

Custom2
0 0 0 0 0 0 0 0 0 0 
0 0 0 0 0 0 0 0 0 0 
0 0 0 0 0 0 0 0 0 0 
0 0 0 1 1 1 1 0 0 0 
0 0 0 1 0 0 1 0 0 0 
0 0 0 1 0 0 1 0 0 0 
0 0 0 1 1 1 1 0 0 0 
0 0 0 0 0 0 0 0 0 0 
0 0 0 0 0 0 0 0 0 0 
0 0 0 0 0 0 0 0 0 0 

Custom3
0 0 0 0 0 0 0 0 0 0 
0 0 0 0 0 0 0 0 0 0 
0 0 0 0 0 0 0 0 0 0 
0 0 1 0 1 0 1 0 1 0 
0 1 0 1 0 1 0 1 0 0 
0 0 1 0 1 0 1 0 1 0 
0 1 0 1 0 1 0 1 0 0 
0 0 0 0 0 0 0 0 0 0 
0 0 0 0 0 0 0 0 0 0 
0 0 0 0 0 0 0 0 0 0 

