Dot
0 0 0
0 1 0
0 0 0

Glider
0 0 0 0 0 
0 0 1 0 0 
0 0 0 1 0 
0 1 1 1 0 
0 0 0 0 0 

Beacon
0 0 0 0 0 0 
0 1 1 0 0 0 
0 1 0 0 0 0 
0 0 0 0 1 0 
0 0 0 1 1 0 
0 0 0 0 0 0 

Spread
0 0 0 0 0
0 0 1 1 0
0 1 1 0 0
0 0 1 0 0
0 0 0 0 0 

Blinker
0 0 0 0 0
0 0 1 0 0
0 0 1 0 0 
0 0 1 0 0
0 0 0 0 0 

Beehive
0 0 0 0 0 0 
0 1 0 0 1 0
0 0 1 1 0 0
0 1 0 0 1 0
0 0 0 0 0 0
0 0 0 0 0 0

SwitchEngine
0 0 0 0 0 0 0 0
0 0 0 0 0 0 0 0
0 0 1 0 1 0 0 0
0 1 0 0 0 0 0 0
0 0 1 0 0 1 0 0
0 0 0 0 1 1 1 0
0 0 0 0 0 0 0 0
0 0 0 0 0 0 0 0

Herschel
0 0 0 0 0 0
0 0 1 0 0 0
0 0 1 1 1 0
0 0 1 0 1 0
0 0 0 0 1 0
0 0 0 0 0 0


